I5; -2,0; -1,0; 0,0; 1,0; 2,0; 2; false
L5; -2,0; -1,0; 0,0; 1,0; 1,1; 4; true
Y5; 0,1; -2,0; -1,0; 0,0; 1,0; 4; true
N5; -2,0; -1,0; 0,0; 0,1; 1,1; 4; true
V5; -1,-1; -1,0; -1,1; 0,1; 1,1; 4; false
W5; -1,-1; -1,0; 0,0; 0,1; 1,1; 4; false
Z5; -1,-1; -1,0; 0,0; 1,0; 1,1; 2; true
T5; 0,-1; 0,0; 0,1; 1,1; -1,1; 4; false
F5; 0,-1; -1,0; 0,0; 1,0; -1,1; 4; true
X5; 0,-1; -1,0; 0,0; 1,0; 0,1; 1; false
U5; -1,1; -1,0; 0,0; 1,0; 1,1; 4; false
P5; 0,0; 1,0; -1,0; 1,1; 0,1; 4; true
I4; -1,0; 0,0; 1,0; 2,0; 2; false
Z4; -1,0; 0,0; 0,1; 1,1; 2; true
L4; -1,1; -1,0; 0,0; 1,0; 4; true
T4; 0,1; 0,0; 1,0; -1,0; 4; false
O4; 0,1; -1,1; 0,0; -1,0; 1; false
I3; -1,0; 0,0; 1,0; 2; false
V3; -1,0; 0,0; 0,1; 4; false
I2; -1,0; 0,0; 2; false
I1; 0,0; 1; false